0,</s> 0.008005 0.008839 -0.007661 -0.006556 0.002733 0.006042 0.001882 0.000423 -0.007207 0.004437 -0.008713 0.002499 -0.001503 -0.001914 -0.006631 -0.003764 0.005159 0.006051 0.005938 0.003195 0.003090 -0.007605 -0.008192 0.009939 0.007603 0.006180 -0.001208 0.008031 -0.000990 0.001469 -0.000298 -0.005966 0.002625 -0.002675 -0.007651 0.009508 0.008759 -0.002190 -0.000452 0.001018 -0.007275 -0.008014 0.009109 0.000126 -0.005165 -0.006084 -0.006153 0.003394 0.000403 0.002662 
1,patients -0.487951 1.691632 3.338713 -1.053598 1.189507 0.108303 2.518332 -1.343565 -0.235609 -1.722104 1.881839 1.888499 -2.846375 0.486153 -1.469746 -2.216208 2.185453 0.046163 -1.037434 -0.605901 2.464758 -1.082580 -1.615191 -1.883903 0.372146 -0.968032 1.234392 0.984262 -0.826747 -2.227850 1.961860 0.673400 0.076100 -1.680417 1.355047 -1.719686 2.950969 -3.483949 -0.324770 -2.523010 0.249152 -1.973258 1.482375 -1.478409 1.230824 2.083414 -1.936450 -0.342627 0.560907 -1.935164 
2,p -7.501344 0.699352 -2.065420 0.938354 3.290108 0.857703 4.807329 -0.591831 -4.470272 -3.188754 3.347662 1.242318 -0.119094 -1.611394 -3.988205 2.593891 2.450706 -2.868128 -0.195211 0.406539 -4.236380 -0.255797 -0.993960 -2.668493 -2.067191 -2.716903 2.530699 0.553831 -1.590066 1.230326 2.529236 2.228322 2.752384 -1.773313 -0.584688 -0.898672 2.875396 0.159809 0.126977 -1.860191 -0.512839 1.264904 1.262046 0.562192 1.063967 2.830899 -3.100902 0.006779 4.323575 1.684567 
3,disease -0.428979 2.968171 2.739791 1.948644 -1.687813 -1.901850 3.762477 -0.256742 0.881957 -1.055918 -0.682313 3.946935 -1.652024 -3.151977 -0.167575 -2.666216 -0.415017 0.992525 -1.226228 -4.675537 1.578855 -0.188366 -0.844779 -0.878786 -3.157285 -1.071103 -1.736700 0.590352 -2.998049 -1.588573 0.548185 1.570294 0.513093 -1.884838 3.216866 -0.178340 0.466485 -2.835604 -1.886833 0.722770 -1.311326 -3.777476 -2.409324 -3.050097 0.699862 0.207052 0.496514 -0.272459 -0.226792 -0.222921 
4,less -6.981816 0.013650 -0.873299 0.039917 2.557055 0.938051 3.833177 -1.183074 -4.624080 -1.946697 3.150216 0.915365 -0.412951 -1.226777 -3.480138 2.115799 1.978437 -1.437525 -0.663692 -0.326625 -3.412078 -0.346296 -1.691693 -2.967741 -1.671582 -1.761423 2.674103 0.727721 -1.934558 0.664684 3.003884 2.443838 1.761792 -2.144029 -1.981697 -0.978630 3.554847 -0.047828 -0.416367 -1.633288 -1.072051 1.584301 1.361204 1.096665 0.561453 2.234805 -3.300663 -0.544018 3.894206 1.768323 
5,treatment -0.991817 -0.481936 -2.348089 -0.513383 2.789018 -0.999760 2.118043 -3.487755 -0.403127 0.834270 2.118052 1.918268 -0.822086 -0.427054 2.568693 -3.206244 1.294518 2.746191 -0.822664 0.371570 3.028117 0.024888 1.009325 2.228674 0.170744 1.406103 -1.474167 1.213382 1.496612 -1.364941 0.187001 2.543936 -1.865556 -0.113538 1.490636 -0.604148 1.127746 -2.067246 -0.840426 -1.896375 0.167731 -1.673379 2.449198 0.014733 -0.946959 0.637396 1.163516 -3.151589 -1.462158 -0.924979 
6,group -2.849103 -0.807993 0.273214 -0.285252 1.328339 0.793613 3.733585 -1.969442 -2.901564 -3.343484 3.498646 0.101391 -1.943151 -1.751972 -2.871657 1.227343 3.023661 -1.208149 1.002984 -1.436473 -0.277644 -0.747919 -2.309494 -2.879654 -1.004349 -1.582252 4.791254 0.948565 0.226349 -0.698572 1.650332 2.221769 2.063536 -2.341417 0.595302 -1.842469 2.205207 -0.778243 -1.203819 -4.978114 1.721111 -1.312250 3.918459 -0.414282 2.102106 1.928591 -3.238846 -2.669822 1.770770 1.691745 
7,two 1.963108 -0.022526 1.978242 -0.496433 -0.222407 2.401807 -0.194536 0.071939 -0.552632 -2.399096 1.242525 1.577585 -2.257847 0.210419 -1.309599 -0.422293 1.572371 -1.978038 -0.445337 0.502749 2.884278 -0.696721 -0.687139 -0.208248 1.599220 -0.452406 2.710570 -1.110376 1.280500 0.303502 1.738425 1.358409 0.871460 -0.005087 0.923130 -0.646989 1.168323 -0.594293 0.244053 -2.368351 2.677860 0.292915 1.541989 -1.481354 2.574938 2.831282 -1.328136 0.635793 0.387433 -1.628088 
8,study 1.296604 0.002335 0.880456 -2.507720 -0.141256 -1.581384 1.258660 0.719531 -0.780875 1.701223 -0.157227 0.781717 -1.390314 0.303797 0.505232 -0.284820 -1.368606 3.888593 1.376472 2.160280 0.602780 -4.064388 -1.645073 0.394741 -2.493760 -2.102706 2.166671 0.071869 -1.313490 -1.561416 -2.084412 -0.846995 -1.437084 0.643631 4.834228 -1.976190 -2.389827 -0.963254 -0.105773 -3.506740 3.040027 -3.328888 -0.950909 -0.267968 0.333522 -0.327286 0.665389 -1.136654 -2.310598 1.664855 
9,may -4.636498 1.044709 -2.069155 2.338934 0.499289 -1.866674 -0.338477 0.458620 5.323588 1.904321 -2.501484 -0.402311 0.458429 -1.853264 0.788462 -0.958401 0.121586 -0.615888 -1.582402 -0.615086 0.743546 -1.192702 2.768783 0.473434 -0.770974 1.033477 -3.766070 0.240765 -1.008239 1.269988 -1.671613 1.094856 -0.915009 0.026238 -0.657945 3.171887 0.243465 -0.023561 -0.453295 2.272188 -3.057662 -1.075507 -5.207242 -0.680858 -2.380121 -3.332225 2.365837 -2.517788 -1.125700 -1.516112 
